Filetype: IR signals file
Version: 1
# 
name: ON
type: raw
frequency: 38000
duty_cycle: 0.330000
data: 9406 4514 575 578 576 578 575 577 576 577 576 577 576 577 576 578 575 577 576 1708 575 1707 576 1708 573 1708 573 1708 573 1707 574 1708 572 1708 573 1707 574 1708 573 1707 573 578 571 577 573 577 572 577 572 578 571 578 572 578 572 577 572 1708 570 1708 569 1707 570 1708 570 1707 571 39705 9275 2279 572 96202 9287 2280 568
# 
name: OFF
type: raw
frequency: 38000
duty_cycle: 0.330000
data: 9349 4488 599 551 599 550 600 551 599 551 600 551 600 551 599 551 600 552 598 1681 599 1680 600 1681 600 1681 599 1681 599 1680 600 1681 599 1681 598 551 598 1682 597 1681 598 550 599 552 597 551 598 551 598 551 598 1680 599 550 598 551 597 1681 597 1681 597 1681 597 1680 598 1681 597 39727 9269 2279 596 96139 9239 2278 594 96127 9244 2279 594
# 
name: BRIGHTNESS +
type: raw
frequency: 38000
duty_cycle: 0.330000
data: 9235 4512 568 578 567 578 567 578 568 579 566 580 565 578 567 579 566 579 566 1708 567 1708 567 1709 566 1708 567 1708 567 1708 567 1707 568 1708 567 1708 567 578 567 1708 566 578 566 579 566 578 566 578 567 579 566 577 568 1708 566 579 565 1708 567 1708 566 1709 566 1708 566 1708 566 39699 9210 2279 565 96159 9212 2279 566
# 
name: BRIGHTNESS -
type: raw
frequency: 38000
duty_cycle: 0.330000
data: 9217 4515 588 555 590 555 589 555 590 555 590 556 588 555 589 554 591 555 590 1685 591 1685 591 1685 590 1686 590 1685 591 1685 590 1685 590 1685 590 555 590 555 590 1685 590 555 589 555 590 555 589 555 589 555 589 1685 589 1685 590 555 589 1686 589 1685 589 1685 589 1685 589 1686 588 39674 9213 2280 589 96128 9213 2279 590 96117 9212 2280 588
# 
name: COLOR_RED
type: raw
frequency: 38000
duty_cycle: 0.330000
data: 9324 4514 596 553 622 528 598 552 597 553 622 527 623 528 619 528 620 528 620 1658 619 1657 619 1659 615 1657 615 1657 614 1658 612 1658 612 1657 612 1657 612 527 612 526 613 1658 611 527 612 527 612 527 612 527 587 553 612 1656 612 1656 613 527 611 1657 611 1656 612 1656 612 1657 610 39848 9249 2279 593 97203 9424 2280 601 96122 9256 2279 618 96083 9285 2278 620 96097 9229 2278 618 96068 9213 2279 616 96454 9273 2279 619
# 
name: COLOR_GREEN
type: parsed
protocol: NEC
address: 00 00 00 00
command: 08 00 00 00
# 
name: COLOR_BLUE
type: raw
frequency: 38000
duty_cycle: 0.330000
data: 9281 4514 569 579 570 579 570 578 571 579 569 579 569 579 569 578 570 578 570 1708 569 1709 567 1708 568 1709 590 1684 568 1709 590 1686 590 1685 590 556 589 1686 588 555 589 1684 589 556 587 555 589 555 565 579 589 1684 590 554 590 1685 588 556 588 1685 588 1685 588 1685 588 1685 588 39669 9205 2280 589
